0.10000000149011612
0.05000000074505806
0.033333333830038704
0.02500000037252903
0.020000000298023225
0.016666666915019352
0.014285714498588018
0.012500000186264515
0.011111111276679568
0.010000000149011612
0.009090909226374193
0.008333333457509676
0.007692307806932009
0.007142857249294009
0.013333333532015483
0.012500000186264515
0.01176470605766072
0.011111111276679568
0.010526315946328012
0.010000000149011612
0.009523809665725344
0.009090909226374193
0.008695652303488358
0.008333333457509676
0.012000000178813934
0.011538461710398015
0.011111111276679568
0.010714285873941012
0.01034482774035684
0.010000000149011612
0.009677419499043495
0.009375000139698386
0.009090909226374193
0.01176470605766072
0.011428571598870414
0.011111111276679568
0.010810810971904445
0.010526315946328012
0.010256410409242678
0.010000000149011612
0.009756097706352792
0.009523809665725344
0.009302325720010801
0.009090909226374193
0.008888889021343655
0.008695652303488358
0.008510638424690733
0.008333333457509676
0.008163265427764582
0.00800000011920929
0.007843137371773813
0.007692307806932009
0.007547169923782349
0.007407407517786379
0.007272727381099354
0.007142857249294009
0.007017543964218675
0.00689655182690456
0.0067796611179739745
0.0066666667660077415
0.00655737714689286
0.0064516129993623305
0.006349206443816897
0.0062500000931322575
0.006153846245545607
0.006060606150916128
0.0059701493426934996
0.00588235302883036
0.005797101535658905
0.005714285799435207
0.005633802900851612
0.005555555638339784
0.0054794521364447185
0.005405405485952222
0.005333333412806193
0.005263157973164006
0.005194805272213825
0.005128205204621339
0.0050632912146894235
0.005000000074505806
0.0049382716785242526
0.004878048853176396
0.00481927718024656
0.004761904832862672
0.004705882423064288
0.004651162860005401
0.004597701217936373
0.004545454613187097
0.004494382089443421
0.004444444510671827
0.004395604461104006
0.004347826151744179
0.00430107533290822
0.004255319212345367
0.004210526378531205
0.004166666728754838
0.004123711401654273
0.004081632713882291
0.004040404100610752
0.00490000007674098
0.003900000061839819
0.003900000061839819
0.003900000061839819
0.003900000061839819
0.003900000061839819
0.004800000078976154
0.004800000078976154
0.004800000078976154
0.004800000078976154
0.00570000009611249
0.00570000009611249
0.00570000009611249
0.00570000009611249
0.00570000009611249
0.004700000081211329
0.004700000081211329
0.004700000081211329
0.004700000081211329
0.004700000081211329
0.004700000081211329
0.004700000081211329
0.004700000081211329
0.004700000081211329
0.004700000081211329
0.003700000066310167
0.003700000066310167
0.003700000066310167
0.003700000066310167
0.003700000066310167
0.004600000083446503
0.004600000083446503
0.005500000100582838
0.005500000100582838
0.005400000102818012
0.005400000102818012
0.005400000102818012
0.005400000102818012
0.005400000102818012
0.006300000119954348
0.006300000119954348
0.006300000119954348
0.006300000119954348
0.006300000119954348
0.007200000137090683
0.007200000137090683
0.007200000137090683
0.008100000154227018
0.008100000154227018
0.008100000154227018
0.008100000154227018
0.009000000171363353
0.009900000188499689
0.009900000188499689
0.009900000188499689
0.010800000205636024
0.010800000205636024
0.010800000205636024
0.010800000205636024
0.010800000205636024
0.01170000022277236
0.01170000022277236
0.01170000022277236
0.01170000022277236
0.01170000022277236
0.01170000022277236
0.01170000022277236
0.01170000022277236
0.01170000022277236
0.012600000239908695
0.012600000239908695
0.012600000239908695
0.013500000257045031
0.013500000257045031
0.013500000257045031
0.013500000257045031
0.013500000257045031
0.013500000257045031
0.014400000274181366
0.015300000291317702
0.015300000291317702
0.015300000291317702
0.015300000291317702
0.015300000291317702
0.01630000030621886
0.01630000030621886
0.018300000336021183
0.018300000336021183
0.018300000336021183
0.019300000350922344
0.02030000036582351
0.02130000038072467
0.022200000397861006
0.022200000397861006
0.022200000397861006
0.022200000397861006
0.022200000397861006
0.022200000397861006
0.022200000397861006
0.022200000397861006
0.02130000038072467
0.02130000038072467
0.022200000397861006
0.022200000397861006
0.022200000397861006
0.022200000397861006
0.02130000038072467
0.02130000038072467
0.022200000397861006
0.022200000397861006
0.022200000397861006
0.022200000397861006
0.022200000397861006
0.022200000397861006
0.023100000414997338
0.024000000432133673
0.02490000044927001
0.02490000044927001
0.025800000466406344
0.025800000466406344
0.02670000048354268
0.02670000048354268
0.02670000048354268
0.027600000500679015
0.027600000500679015
0.02850000051781535
0.02850000051781535
0.02850000051781535
0.030500000547617673
0.030500000547617673
0.029600000530481337
0.029600000530481337
0.028700000513345002
0.028700000513345002
0.027800000496208666
0.027800000496208666
0.028800000511109827
0.028800000511109827
0.028800000511109827
0.027900000493973495
0.027900000493973495
0.027900000493973495
0.027900000493973495
0.027900000493973495
0.02800000049173832
0.02800000049173832
0.02800000049173832
0.02800000049173832
0.02800000049173832
0.02800000049173832
0.02800000049173832
0.027100000474601985
0.02620000045746565
0.02620000045746565
0.02620000045746565
0.026300000455230475
0.026300000455230475
0.026300000455230475
0.026300000455230475
0.028300000485032797
0.028400000482797623
0.029400000497698784
0.029400000497698784
0.029400000497698784
0.03030000051483512
0.031200000531971455
0.031200000531971455
0.03420000057667494
0.03820000063627958
0.03830000063404441
0.03920000065118075
0.040200000666081905
0.04030000066384673
0.04030000066384673
0.041300000678747895
0.04230000069364905
0.04320000071078539
0.04320000071078539
0.04530000073835254
0.0444000007212162
0.04530000073835254
0.04620000075548887
0.047200000770390035
0.047200000770390035
0.047200000770390035
0.04820000078529119
0.047200000770390035
0.04820000078529119
0.04910000080242753
0.04810000078752637
0.04810000078752637
0.04810000078752637
0.047200000770390035
0.047200000770390035
0.04820000078529119
0.04820000078529119
0.04910000080242753
0.05010000081732869
0.05010000081732869
0.05010000081732869
0.05010000081732869
0.05010000081732869
0.05010000081732869
0.05010000081732869
0.05010000081732869
0.05010000081732869
0.051100000832229854
0.05210000084713101
0.05210000084713101
0.05210000084713101
0.05220000084489584
0.053200000859797
0.05420000087469816
0.055200000889599324
0.05530000088736415
0.05440000087022781
0.05440000087022781
0.05530000088736415
0.05440000087022781
0.055400000885128975
0.05450000086799264
0.05450000086799264
0.05450000086799264
0.053600000850856304
0.053600000850856304
0.053600000850856304
0.05460000086575747
0.05460000086575747
0.052600000835955146
0.053600000850856304
0.053600000850856304
0.053600000850856304
0.053600000850856304
0.053600000850856304
0.05460000086575747
0.05460000086575747
0.053600000850856304
0.05460000086575747
0.055600000880658626
0.055600000880658626
0.05660000089555979
0.05660000089555979
0.05760000091046095
0.05860000092536211
0.05760000091046095
0.05760000091046095
0.05760000091046095
0.057700000908225774
0.05870000092312694
0.059700000938028096
0.06070000095292926
0.06070000095292926
0.06170000096783042
0.06270000098273158
0.06370000099763275
0.06370000099763275
0.0647000010125339
0.06570000102743506
0.06670000104233623
0.06570000102743506
0.06560000102967024
0.06560000102967024
0.0666000010445714
0.06750000106170774
0.06760000105947256
0.06770000105723739
0.06870000107213854
0.06670000104233623
0.06370000099763275
0.06370000099763275
0.06380000099539757
0.06380000099539757
0.06380000099539757
0.06480000101029873
0.06480000101029873
0.06480000101029873
0.06490000100806355
0.0658000010251999
0.06370000099763275
0.0647000010125339
0.06480000101029873
0.0639000009931624
0.0639000009931624
0.0639000009931624
0.06290000097826123
0.06290000097826123
0.06190000096336007
0.06090000094845891
0.06090000094845891
0.06180000096559524
0.06270000098273158
0.06260000098496675
0.06360000099986791
0.06450000101700425
0.06450000101700425
0.06550000103190541
0.06460000101476908
0.06360000099986791
0.06460000101476908
0.06560000102967024
0.0666000010445714
0.06850000107660889
0.06850000107660889
0.06950000109151006
0.07050000110641122
0.07150000112131238
0.07150000112131238
0.07150000112131238
0.0716000011190772
0.07260000113397837
0.07260000113397837
0.07260000113397837
0.07360000114887953
0.07360000114887953
0.07360000114887953
0.07460000116378068
0.07470000116154552
0.07480000115931035
0.07480000115931035
0.07380000114440918
0.07380000114440918
0.07380000114440918
0.07480000115931035
0.0758000011742115
0.07680000118911266
0.0769000011868775
0.0769000011868775
0.07790000120177865
0.07790000120177865
0.07790000120177865
0.07890000121667981
0.07990000123158097
0.08090000124648214
0.08090000124648214
0.07990000123158097
0.08090000124648214
0.08190000126138329
0.08290000127628445
0.08290000127628445
0.08390000129118562
0.08390000129118562
0.08390000129118562
0.08390000129118562
0.08390000129118562
0.08490000130608678
0.0869000013358891
0.08790000135079026
0.08790000135079026
0.0869000013358891
0.0869000013358891
0.08590000132098793
0.09090000139549374
0.09190000141039491
0.09280000142753124
0.09480000145733357
0.0938000014424324
0.09280000142753124
0.09180000141263008
0.09080000139772892
0.09080000139772892
0.09090000139549374
0.08990000138059258
0.08990000138059258
0.09100000139325858
0.09100000139325858
0.09300000142306089
0.09300000142306089
0.09300000142306089
0.09300000142306089
0.09200000140815973
0.09200000140815973
0.09200000140815973
0.09200000140815973
0.09200000140815973
0.09200000140815973
0.09200000140815973
0.09200000140815973
0.09310000142082572
0.09320000141859054
0.09320000141859054
0.09320000141859054
0.09320000141859054
0.09320000141859054
0.0942000014334917
0.0942000014334917
0.0942000014334917
0.09520000144839287
0.09620000146329404
0.09530000144615769
0.09540000144392252
0.09450000142678619
0.09460000142455101
0.09360000140964984
0.09270000139251351
0.09170000137761235
0.09270000139251351
0.09470000142231584
0.09570000143721699
0.09570000143721699
0.09570000143721699
0.09470000142231584
0.09280000139027834
0.09290000138804316
0.09290000138804316
0.091900001373142
0.091900001373142
0.091900001373142
0.091900001373142
0.091900001373142
0.091900001373142
0.09090000135824085
0.09090000135824085
0.08990000134333968
0.08990000134333968
0.08990000134333968
0.08990000134333968
0.08990000134333968
0.08990000134333968
0.09090000135824085
0.091900001373142
0.09290000138804316
0.09390000140294433
0.09390000140294433
0.09490000141784549
0.09590000143274664
0.09590000143274664
0.09590000143274664
0.09690000144764781
0.09790000146254897
0.09790000146254897
0.09990000149235129
0.09990000149235129
0.09990000149235129
0.1049000015668571
0.10590000158175826
0.10590000158175826
0.10590000158175826
0.10590000158175826
0.10590000158175826
0.10590000158175826
0.10590000158175826
0.10690000159665942
0.10690000159665942
0.10690000159665942
0.10690000159665942
0.10690000159665942
0.10690000159665942
0.10690000159665942
0.10790000161156059
0.10790000161156059
0.10890000162646174
0.1049000015668571
0.10690000159665942
0.10600000157952309
0.10400000154972076
0.10500000156462193
0.10600000157952309
0.10700000159442424
0.10800000160932541
0.10800000160932541
0.10800000160932541
0.10900000162422657
0.10900000162422657
0.10800000160932541
0.10700000159442424
0.10400000154972076
0.10400000154972076
0.1030000015348196
0.10200000151991845
0.1030000015348196
0.10200000151991845
0.10100000150501728
0.10100000150501728
0.10000000149011612
0.10000000149011612
0.09900000147521495
0.09800000146031379
0.09600000143051148
0.09600000143051148
0.09500000141561031
0.09400000140070915
0.09500000141561031
0.09400000140070915
0.093000001385808
0.093000001385808
0.09200000137090683
0.09100000135600567
0.0900000013411045
0.09100000135600567
0.0900000013411045
0.0900000013411045
0.08900000132620335
0.08900000132620335
0.0900000013411045
0.0900000013411045
0.08800000131130219
0.08600000128149986
0.08500000126659871
0.08400000125169754
0.08300000123679638
0.08300000123679638
0.08300000123679638
0.08200000122189521
0.08100000120699406
0.08200000122189521
0.08100000120699406
0.0800000011920929
0.07900000117719173
0.07800000116229057
0.07800000116229057
0.07800000116229057
0.07800000116229057
0.07700000114738942
0.07700000114738942
0.07600000113248825
0.07600000113248825
0.07600000113248825
0.07600000113248825
0.07500000111758709
0.07500000111758709
0.07400000110268593
0.07400000110268593
0.07400000110268593
0.07300000108778476
0.07200000107288361
0.07200000107288361
0.07200000107288361
0.07100000105798245
0.07000000104308128
0.07000000104308128
0.06800000101327897
0.0670000009983778
0.0670000009983778
0.06300000093877316
0.06300000093877316
0.06300000093877316
0.06300000093877316
0.06200000092387199
0.06200000092387199
0.061000000908970835
0.061000000908970835
0.061000000908970835
0.061000000908970835
0.061000000908970835
0.061000000908970835
0.06000000089406967
0.06000000089406967
0.05900000087916851
0.05900000087916851
0.05800000086426735
0.05800000086426735
0.05800000086426735
0.05490000082179904
0.05490000082179904
0.05490000082179904
0.05390000080689788
0.05390000080689788
0.05390000080689788
0.05390000080689788
0.05290000079199672
0.05290000079199672
0.05290000079199672
0.05280000079423189
0.05280000079423189
0.05280000079423189
0.05280000079423189
0.05380000080913305
0.05480000082403422
0.055800000838935375
0.055800000838935375
0.056700000856071714
0.057600000873208046
0.057600000873208046
0.05850000089034438
0.05850000089034438
0.05950000090524554
0.05950000090524554
0.06050000092014671
0.06050000092014671
0.06250000094994902
0.06450000097975135
0.06450000097975135
0.06550000099465252
0.06650000100955367
0.06750000102445483
0.07050000106915831
0.07150000108405948
0.07240000110119581
0.07240000110119581
0.0743000011332333
0.0743000011332333
0.07520000115036965
0.0762000011652708
0.0762000011652708
0.07720000118017196
0.07820000119507313
0.07820000119507313
0.0792000012099743
0.08020000122487544
0.08020000122487544
0.08120000123977661
0.08220000125467777
0.08320000126957894
0.08410000128671527
0.08410000128671527
0.08510000130161643
0.08610000131651759
0.08710000133141875
0.08800000134855508
0.08800000134855508
0.08900000136345625
0.08900000136345625
0.09000000137835741
0.09000000137835741
0.09100000139325858
0.09100000139325858
0.09200000140815973
0.09190000141039491
0.09290000142529607
0.09290000142529607
0.09390000144019722
0.09390000144019722
0.09390000144019722
0.09390000144019722
0.09390000144019722
0.09390000144019722
0.09390000144019722
0.09390000144019722
0.09390000144019722
0.09390000144019722
0.09390000144019722
0.09490000145509839
0.09490000145509839
0.09490000145509839
0.09490000145509839
0.09490000145509839
0.09490000145509839
0.09490000145509839
0.09490000145509839
0.09590000146999955
0.09590000146999955
0.09590000146999955
0.09590000146999955
0.09590000146999955
0.09590000146999955
0.09590000146999955
0.09590000146999955
0.09690000148490072
0.09690000148490072
0.09790000149980188
0.09790000149980188
0.09790000149980188
0.0980000014975667
0.0980000014975667
0.0980000014975667
0.09900000151246786
0.09900000151246786
0.09900000151246786
0.09900000151246786
0.10000000152736903
0.10000000152736903
0.10000000152736903
0.10010000152513385
0.10010000152513385
0.10110000154003501
0.10210000155493618
0.10110000154003501
0.10110000154003501
0.10110000154003501
0.10110000154003501
0.10120000153779983
0.10130000153556466
0.10130000153556466
0.10140000153332948
0.10140000153332948
0.10140000153332948
0.10240000154823065
0.10240000154823065
0.10240000154823065
0.10140000153332948
0.10040000151842833
0.10040000151842833
0.09940000150352717
0.09940000150352717
0.09940000150352717
0.09740000147372484
0.09740000147372484
0.09750000147148967
0.09750000147148967
0.09660000145435334
0.09660000145435334
0.09670000145211816
0.09670000145211816
0.09570000143721699
0.09570000143721699
0.09570000143721699
0.09670000145211816
0.09670000145211816
0.09670000145211816
0.09770000146701932
0.09770000146701932
0.09770000146701932
0.09770000146701932
0.09780000146478414
0.09780000146478414
0.09780000146478414
0.09780000146478414
0.0988000014796853
0.09890000147745014
0.09890000147745014
0.09990000149235129
0.09990000149235129
0.09990000149235129
0.09990000149235129
0.09990000149235129
0.09990000149235129
0.09890000147745014
0.09900000147521495
0.09900000147521495
0.09900000147521495
0.10100000150501728
0.10100000150501728
0.10100000150501728
0.10100000150501728
0.10200000151991845
0.10200000151991845
0.10500000156462193
0.10500000156462193
0.10600000157952309
0.10600000157952309
0.10600000157952309
0.10600000157952309
0.10600000157952309
0.10600000157952309
0.10600000157952309
0.10600000157952309
0.10700000159442424
0.10700000159442424
0.10700000159442424
0.10800000160932541
0.10800000160932541
0.10800000160932541
0.10800000160932541
0.10800000160932541
0.10800000160932541
0.10800000160932541
0.10800000160932541
0.10800000160932541
0.10800000160932541
0.10800000160932541
0.10800000160932541
0.10800000160932541
0.10800000160932541
0.10700000159442424
0.10700000159442424
0.11500000171363353
0.11500000171363353
0.1160000017285347
0.1160000017285347
0.11700000174343586
0.11900000177323818
0.1210000018030405
0.1210000018030405
0.1210000018030405
0.13200000196695327
0.13200000196695327
0.13200000196695327
0.13300000198185444
0.13300000198185444
0.13300000198185444
0.13300000198185444
0.13300000198185444
0.13300000198185444
0.13300000198185444
0.1340000019967556
0.1340000019967556
0.1340000019967556
0.1340000019967556
0.1340000019967556
0.1340000019967556
0.13300000198185444
0.13300000198185444
0.1340000019967556
0.1340000019967556
0.13500000201165677
0.13500000201165677
0.13500000201165677
0.13600000202655793
0.13800000205636023
0.13800000205636023
0.1390000020712614
0.13800000205636023
0.13800000205636023
0.14000000208616256
0.14300000213086606
0.14690000219270588
0.15080000225454568
0.15080000225454568
0.152800002284348
0.15380000229924917
0.15680000234395267
0.16180000241845846
0.16180000241845846
0.16280000243335963
0.1638000024482608
0.1638000024482608
0.1638000024482608
0.16780000250786542
0.16780000250786542
0.16780000250786542
0.16680000249296426
0.1708000025525689
0.1708000025525689
0.17480000261217354
0.17480000261217354
0.1758000026270747
0.17480000261217354
0.18080000270158053
0.17980000268667937
0.19380000289529561
0.19080000285059215
0.19880000296980144
0.2018000030145049
0.20580000307410956
0.21180000316351652
0.21180000316351652
0.21080000314861536
0.21180000316351652
0.21180000316351652
0.21180000316351652
0.21380000319331885
0.21380000319331885
0.21380000319331885
0.21280000317841768
0.21280000317841768
0.22080000329762697
0.2198000032827258
0.2228000033274293
0.2228000033274293
0.2228000033274293
0.22680000338703393
0.22580000337213277
0.2278000034019351
0.22980000343173743
0.22880000341683626
0.22880000341683626
0.22880000341683626
0.2278000034019351
0.2278000034019351
0.23180000346153976
0.23180000346153976
0.2488000037148595
0.24980000372976063
0.2508000037446618
0.2508000037446618
0.245800003670156
0.245800003670156
0.24480000365525484
0.2538000037893653
0.25280000377446415
0.2588000038638711
0.25680000383406876
0.2608000038936734
0.27480000410228966
0.2638000039383769
0.2648000039532781
0.2648000039532781
0.276800004132092
0.28080000419169665
0.28580000426620245
0.2888000043109059
0.29280000437051057
0.3028000045195222
0.3028000045195222
0.307800004594028
0.307800004594028
0.307800004594028
0.3068000045791268
0.3068000045791268
0.31380000468343494
0.3288000049069524
0.34980000521987675
0.3698000055179
0.3698000055179
0.3698000055179
0.3698000055179
0.3748000055924058
0.3778000056371093
0.375800005607307
0.375800005607307
0.3748000055924058
0.3768000056222081
0.37770000563934447
0.3787000056542456
0.39370000587776305
0.3938000058755279
0.39390000587329266
0.41290000615641476
0.43590000649914146
0.4349000064842403
0.43390000646933913
0.43390000646933913
0.4389000065438449
0.4439000066183507
0.45990000685676935
0.45990000685676935
0.45990000685676935
0.45890000684186816
0.48190000718459486
0.49490000737830997
0.4959000073932111
0.4919000073336065
0.5169000077061355
0.5149000076763331
0.5169000077061355
0.5169000077061355
0.5299000078998506
0.5299000078998506
0.5459000081382692
0.556900008302182
0.556900008302182
0.5739000085555017
0.5699000084958971
0.5729000085406005
0.5659000084362924
0.5699000084958971
0.5699000084958971
0.5709000085107983
0.5959000088833273
0.5958000088855624
0.5938000088557601
0.5938000088557601
0.5968000089004636
0.6008000089600682
0.6008000089600682
0.5988000089302659
0.6098000090941786
0.6198000092431903
0.6238000093027949
0.6268000093474985
0.6328000094369054
0.6348000094667077
0.6328000094369054
0.6328000094369054
0.6338000094518066
0.6357000095024705
0.6437000096216798
0.66970001000911
0.6687000099942089
0.6647000099346042
0.6897000103071332
0.6717000100389123
0.694700010381639
0.694700010381639
0.6957000103965402
0.694700010381639
0.719700010754168
0.7187000107392669
0.7347000109776854
0.7337000109627843
0.7297000109031796
0.7297000109031796
0.7297000109031796
0.7217000107839704
0.7307000109180808
0.7427000110968948
0.7677000114694238
0.7547000112757086
0.7657000114396214
0.7857000117376447
0.7827000116929412
0.78170001167804
0.7957000118866563
0.8207000122591853
0.8277000123634934
0.8527000127360225
0.8707000130042434
0.8737000130489468
0.8886000132746994
0.8826000131852925
0.8686000129766762
0.8526000127382577
0.8576000128127634
0.8576000128127634
0.8586000128276646
0.8596000128425658
0.8556000127829612
0.8536000127531588
0.8776000131107867
0.9026000134833158
0.9085000135749578
0.9145000136643648
0.935600013975054
0.9366000139899552
0.9206000137515367
0.9276000138558448
0.9306000139005483
0.9236000137962401
0.9036000134982168
0.9036000134982168
0.9066000135429203
0.9076000135578215
0.9065000135451555
0.9035000135004521
0.8975000134110451
0.8985000134259462
0.9024000135064125
0.9104000136256218
0.8944000133872032
0.8864000132679939
0.8874000132828951
0.8874000132828951
0.8803000131994486
0.9003000134974718
0.8983000134676695
0.8993000134825706
0.8903000133484602
0.8943000134080649
0.8793000131845474
0.8633000129461288
0.870300013050437
0.8543000128120184
0.8803000131994486
0.8983000134676695
0.9233000138401986
0.9443000141531229
0.9413000141084195
0.9563000143319368
0.932300013974309
0.9464000141806901
0.9544000142998993
0.9674000144936145
0.9764000146277249
0.977400014642626
0.9994000149704516
0.9944000148959458
0.995400014910847
0.9854000147618354
1.0064000150747596
1.0194000152684748
1.0194000152684748
1.0233000153303147
1.0423000156134368
1.0403000155836344
1.0653000159561634
1.0633000159077346
1.0803000161610543
1.064300015922636
1.071300016026944
1.096300016399473
1.0783000161312521
1.084300016220659
1.0703000160120428
1.0783000161312521
1.1013000164739788
1.0993000164441764
1.087200016286224
1.105200016554445
1.0842000162415206
1.0952000164054334
1.1012000164948403
1.1262000168673694
1.1472000171802939
1.1602000173740088
1.1512000172398984
1.1382000170461835
1.1382000170461835
1.1382000170461835
1.1402000170759856
1.1402000170759856
1.1531000172905623
1.1550000173412263
1.1320000169984996
1.116000016760081
1.103000016566366
1.103000016566366
1.1009000165387988
1.1239000168815254
1.1180000167898834
1.1320000169984996
1.1480000172369182
1.1680000175349414
1.1500000172667206
1.153000017311424
1.1700000175647438
1.1940000179223715
1.2030000180564822
1.2190000182949006
1.2000000180117787
1.1820000177435577
1.2011000180244447
1.2121000181883574
1.215100018233061
1.216100018247962
1.2260000183992088
1.2370000185631216
1.2360000185482205
1.2420000186376274
1.2620000189356506
1.2870000193081796
1.3070000196062028
